Prediction Average Results

Data_20_4hyp/
0.128480388629
0.136370388227
0.121637766084
0.131300680569
0.0963436891988
Data_50_4hyp/
0.0845903884944
0.101960388156
0.0929603882458
0.139441165257
0.000207961550095
Data_100_4hyp/
0.130445825041
0.100100388932
0.101420389297
0.129868252072
0.0728714565002

Data_20_2hyp/
0.340199998793
0.390599999008
0.327599998739
0.239399998364
0.0392489986053
Data_50_2hyp/
0.333899998766
0.277199998525
0.333899998766
0.327599998739
0.0224909986321
Data_100_2hyp/
0.314999998686
0.302399998632
0.327599998739
0.0102059985516
0.0249479986857